I7_verano=[585.791460674157;735.186292134831;871.960449438202;933.824494382023;933.748314606741;874.528539325843;727.371235955056;515.873033707865];
I7_otono=[171.650107526882;264.674408602151;347.505591397850;412.288387096774;437.377204301075;425.620430107527;367.358064516129;270.161720430108];
I7=invierno=[151.318695652174;257.004347826087;330.157826086957;424.740434782609;424.558043478261;409.535434782609;361.229347826087;251.943260869565];
I7=primavera=[421.596483516484;586.460439560440;743.511208791209;837.783076923077;854.200219780220;805.550109890110;701.027912087912;563.501978021978];

I3_verano=[871.960449438202;933.824494382023;933.748314606741;874.528539325843];
I3_otono=[412.288387096774;437.377204301075;425.620430107527;367.358064516129];
I3=invierno=[424.740434782609;424.558043478261;409.535434782609;361.229347826087];
I3=primavera=[743.511208791209;837.783076923077;854.200219780220;805.550109890110];

I1_verano=[933.824494382023;933.748314606741];
I1_otono=[437.377204301075;425.620430107527];
I1=invierno=[424.740434782609;424.558043478261];
I1=primavera=[837.783076923077;854.200219780220];
Time7=0:1:7;
Time3=0:1:3;
Time1=0:1:1;