I7_verano=[0; 0; 0; 0; 0; 0; 0; 3.59; 183.49; 353.7; 566.77; 689.47; 755.03; 751.85; 698.14; 602.39; 462.92; 285.52; 118.26; 20.6; 0; 0; 0; 0];
I7_otono=[171.650107526882;264.674408602151;347.505591397850;412.288387096774;437.377204301075;425.620430107527;367.358064516129;270.161720430108];
I7_invierno=[151.318695652174;257.004347826087;330.157826086957;424.740434782609;424.558043478261;409.535434782609;361.229347826087;251.943260869565];
I7_primavera=[421.596483516484;586.460439560440;743.511208791209;837.783076923077;854.200219780220;805.550109890110;701.027912087912;563.501978021978];

I3_verano=[871.960449438202;933.824494382023;933.748314606741;874.528539325843];
I3_otono=[412.288387096774;437.377204301075;425.620430107527;367.358064516129];
I3_invierno=[424.740434782609;424.558043478261;409.535434782609;361.229347826087];
I3_primavera=[743.511208791209;837.783076923077;854.200219780220;805.550109890110];

I1_verano=[933.824494382023;933.748314606741];
I1_otono=[437.377204301075;425.620430107527];
I1_invierno=[424.740434782609;424.558043478261];
I1_primavera=[837.783076923077;854.200219780220];
Time7=0:1:23;
Time3=0:1:3;
Time1=0:1:1;