%I7_verano=[0; 0; 0; 0; 0; 0; 0; 3.59; 183.49; 353.7; 566.77; 689.47; 755.03; 751.85; 698.14; 602.39; 462.92; 285.52; 118.26; 20.6; 0; 0; 0; 0];
I7_verano=[3.59; 183.49; 353.7; 566.77; 689.47; 755.03; 751.85; 698.14; 602.39; 462.92; 285.52; 118.26; 20.6;0];

%Temp7=[14.3 14.03 13.78 13.58 13.42 13.3 13.43 14.28 15.61 17.05 18.38 19.62 20.75 21.73 22.35 22.39 21.77 20.7 19.35 17.84 16.6 15.69 15.08 14.6];
Temp7=[14.28; 15.61; 17.05; 18.38; 19.62; 20.75; 21.73; 22.35; 22.39; 21.77; 20.7; 19.35; 17.84; 16.6];

Time7=0:1:13;
%Time7=0:1:23;
%Time7=0:1:1439;


I7_7=zeros(7*60,1);
I7_8=[0:3.59/59:3.59]';
I7_9=[3.59:(183.49-3.59)/59:183.49]';
I7_10=[183.49:(353.7-183.49)/59:353.7]';
I7_11=[353.7:(566.77-353.7)/59:566.77]';
I7_12=[566.77:(689.47-566.77)/59:689.47]';
I7_13=[689.47:(755.03-689.47)/59:755.03]';
I7_14=[755.03:(751.85-755.03)/59:751.85]';
I7_15=[751.85:(698.14-751.85)/59:698.14]';
I7_16=[698.14:(602.39-698.14)/59:602.39]';
I7_17=[602.39:(462.92-602.39)/59:462.92]';
I7_18=[462.92:(285.52-462.92)/59:285.52]';
I7_19=[285.52:(118.26-285.52)/59:118.26]';
I7_20=[118.26:(20.6-118.26)/59:20.6]';
I7_21=[20.6:-20.6/59:0]';
I7_24=zeros(3*60,1);


I7=[I7_7;I7_8;I7_9;I7_10;I7_11;I7_12;I7_13;I7_14;I7_15;I7_16;I7_17;I7_18;I7_19;I7_20;I7_21;I7_24];



T1=[14.3:(14.03-14.3)/59:14.03]';
T2=[14.03:(13.78-14.03)/59:13.78]';
T3=[13.78:(13.58-13.78)/59:13.58]';
T4=[13.58:(13.42-13.58)/59:13.42]';
T5=[13.42:(13.3-13.42)/59:13.3]';
T6=[13.3:(13.43-13.3)/59:13.43]';
T7=[13.43:(14.28-13.43)/59:14.28]';
T8=[14.28:(15.61-14.28)/59:15.61]';
T9=[15.61:(17.05-15.61)/59:17.05]';
T10=[17.05:(18.38-17.05)/59:18.38]';
T11=[18.38:(19.62-18.38)/59:19.62]';
T12=[19.62:(20.75-19.62)/59:20.75]';
T13=[20.75:(21.73-20.75)/59:21.73]';
T14=[21.73:(22.35-21.73)/59:22.35]';
T15=[22.35:(22.39-22.35)/59:22.39]';
T16=[22.39:(21.77-22.39)/59:21.77]';
T17=[21.77:(20.7-21.77)/59:20.7]';
T18=[20.7:(19.35-20.7)/59:19.35]';
T19=[19.35:(17.84-19.35)/59:17.84]';
T20=[17.84:(16.6-17.84)/59:16.6]';
T21=[16.6:(15.69-16.6)/59:15.69]';
T22=[15.69:(15.08-15.69)/59:15.08]';
T23=[15.08:(14.6-15.08)/59:14.6]';
T24=[14.6:(14.3-14.6)/59:14.3]';
Temp=[T1;T2;T3;T4;T5;T6;T7;T8;T9;T10;T11;T12;T13;T14;T15;T16;T17;T18;T19;T20;T21;T22;T23;T24];