
ID_prom=[3.59; 183.49; 353.7; 566.77; 689.47; 755.03; 751.85; 698.14; 602.39; 462.92; 285.52; 118.26; 20.6]; %rango horas de 7:00 a 19:00 
IN_prom=[20.6; 0; 0; 0; 0; 0; 0; 0; 0; 0; 0; 0; 3.59];  %Rango de horas 19:00 a 7:00
ID_verano=[34; 433; 669; 868; 1023; 1112; 1129; 1073; 962; 797; 581; 350; 127];
IN_verano=[127; 0; 0; 0; 0; 0; 0; 0; 0; 0; 0; 2; 34];
ID_invierno=[0; 14; 150; 330; 441; 512; 523; 485; 398; 259; 115; 0; 0];
IN_invierno=[0; 0; 0; 0; 0; 0; 0; 0; 0; 0; 0; 0; 0];

Time7=0:1:12;
Time=0:1:1439;
%plot(Time7, ID_verano); hold on;
%plot(Time7, ID_prom); hold on;
%plot(Time7, ID_invierno)

% Temperatura

TempD_verano=[17; 18; 19; 20; 22; 24; 25; 26; 27; 27; 26; 24; 23];
TempN_verano=[23; 21; 19; 18; 18; 17; 17; 16; 16; 16; 15; 15; 17];
TempD_prom=[14.28; 15.61; 17.05; 18.38; 19.62; 20.75; 21.73; 22.35; 22.39; 21.77; 20.7; 19.35; 17.84];
TempN_prom=[17.84; 16.60; 15.69; 15.08; 14.60; 14.30; 14.03; 13.78; 13.58; 13.42; 13.3; 13.43; 14.28];
TempD_invierno=[11; 12; 13; 15; 16; 17; 17; 18; 17; 17; 16; 14; 13];
TempN_invierno=[13; 12; 12; 11; 11; 11; 11; 11; 11; 11; 11; 11; 11];


% Potencia

Demanda = [150; 108; 78; 65; 58; 54; 60; 74; 96; 110; 121; 132; 134; 134; 135; 135; 134; 142; 185; 229; 244; 240; 225; 195; 149];
horas= 0:1:24;
%plot(h,Demanda)